0 0 TIDL_cast_in 
1 1 TIDL_cast_in_netFormat 
2 2 1 
3 3 3 
4 4 5 
5 5 9 
6 6 7 
7 7 11 
8 8 13 
9 9 14 
10 10 15 
11 11 17 
12 12 19 
13 13 23 
14 14 21 
15 15 25 
16 16 27 
17 17 28 
18 18 30 
19 19 32 
20 20 33 
21 21 35 
22 22 37 
23 23 38 
24 24 39 
25 25 41 
26 26 43 
27 27 47 
28 28 45 
29 29 49 
30 30 51 
31 31 52 
32 32 54 
33 33 56 
34 34 57 
35 35 59 
36 36 61 
37 37 62 
38 38 63 
39 39 65 
40 40 67 
41 41 69 
42 42 70 
43 43 71 
44 44 72 
45 45 73 
46 46 74 
47 47 75 
48 48 76 
49 49 78 
50 50 82 
51 51 80 
52 52 84 
53 53 86 
54 54 87 
55 55 89 
56 56 91 
57 57 93 
58 58 94 
59 59 98 
60 60 96 
61 61 100 
62 62 102 
63 63 103 
64 64 105 
65 65 107 
66 66 109 
67 67 110 
68 68 114 
69 69 112 
70 70 116 
71 71 118 
72 72 119 
73 73 121 
74 74 123 
75 75 151 
76 76 124 
77 77 157 
78 78 161 
79 79 128 
80 80 126 
81 81 159 
82 82 163 
83 83 130 
84 84 164 
85 85 165 
86 86 166 
87 87 132 
88 88 167 
89 89 133 
90 90 135 
91 91 137 
92 92 153 
93 93 138 
94 94 171 
95 95 175 
96 96 142 
97 97 140 
98 98 173 
99 99 177 
100 100 144 
101 101 178 
102 102 179 
103 103 180 
104 104 146 
105 105 181 
106 106 147 
107 107 149 
108 108 155 
109 109 184 
110 110 188 
111 111 186 
112 112 190 
113 113 191 
114 114 192 
115 115 193 
116 116 194 
117 117 dets_det 
118 118 dets 
119 119 labels 
120 0 TIDL_cast_in 
121 0 TIDL_cast_in 
